%YAML:1.0
---
# Dimensions
dim_x: 3.8024001121520996e+00
dim_y: 3.1245999336242676e+00
# 2D calibration
hom: !!opencv-matrix
   rows: 3
   cols: 3
   dt: f
   data: [ 3.50646448e+00, 1.72753429e+00, 1.87406325e+00,
       -4.64712363e-03, -4.60652065e+00, 6.63289785e-01, -3.84341478e-02,
       9.83949363e-01, 1. ]
# 3D calibration
# D3transform 0
offset_0: !!opencv-matrix
   rows: 3
   cols: 1
   dt: f
   data: [ 3.05390024e+00, 1.84974694e+00, -4.41595078e-01 ]
simlar_0: !!opencv-matrix
   rows: 3
   cols: 3
   dt: f
   data: [ 5.18170483e-02, -9.97796714e-01, 3.59613798e-03,
       7.21658766e-01, 2.73276698e-02, 7.01075196e-01, -6.99628711e-01,
       -3.37324627e-02, 7.21484661e-01 ]
# D3transform 1
offset_1: !!opencv-matrix
   rows: 3
   cols: 1
   dt: f
   data: [ 3.21697354e+00, -1.95265198e+00, -4.61239994e-01 ]
simlar_1: !!opencv-matrix
   rows: 3
   cols: 3
   dt: f
   data: [ -2.25358345e-02, 9.98906910e-01, 2.45689694e-02,
       7.08658755e-01, 2.68861242e-02, 6.78625047e-01, 6.77222729e-01,
       3.27043980e-02, -7.08489895e-01 ]
# D3transform 2
offset_2: !!opencv-matrix
   rows: 3
   cols: 1
   dt: f
   data: [ 5.27808666e+00, 1.97304630e+00, 1.72097898e+00 ]
simlar_2: !!opencv-matrix
   rows: 3
   cols: 3
   dt: f
   data: [ 5.40152229e-02, -9.64741826e-01, -5.49285149e-04,
       -7.20582962e-01, -4.74569947e-02, -7.01033890e-01, 6.76290631e-01,
       3.82623076e-02, -6.97739899e-01 ]
# D3transform 3
offset_3: !!opencv-matrix
   rows: 3
   cols: 1
   dt: f
   data: [ 5.51907873e+00, -1.95483625e+00, 1.73916745e+00 ]
simlar_3: !!opencv-matrix
   rows: 3
   cols: 3
   dt: f
   data: [ -2.55998597e-02, 9.66611385e-01, 2.77425479e-02,
       -7.08028853e-01, -4.65861335e-02, -6.79303706e-01,
       -6.55330181e-01, -3.70326005e-02, 6.85581267e-01 ]
